10
3       6       2       3       4       2       6       1       1       6
5       5       4       4       1       6       3       5       3       6
1       2       6       2       2       4       5       6       5       1
4       5       3       6       4       4       6       2       1       5
4       4       1       2       6       2       2       5       6       6
1       3       5       5       5       2       5       5       1       4
4       4       1       2       6       1       3       1       6       2
1       6       2       3       2       3       5       5       5       5
4       4       6       5       3       1       6       6       3       3
1       1       3       5       3       3       4       4       5       1